Start_Date	k_value	ED50	Mood1	Subject	ED50_log	ED50_ord
21SEP17:14:13:00	0.023229526	43.04866084	.	1	3.7623311233	2
25SEP17:12:24:00	0.000279	3578.704514	.	2	8.1827561463	5
25SEP17:16:19:00	0.000279	3578.704514	.	3	8.1827561463	5
26SEP17:08:17:00	0.001117723	894.6761286	.	4	6.7964617853	4
26SEP17:12:17:00	0.013411573	74.56246777	.	5	4.3116372676	2
27SEP17:10:01:00	0.006705787	149.1249355	.	6	5.0047844479	3
27SEP17:14:01:00	0.006705787	149.1249355	.	7	5.0047844479	3
27SEP17:18:14:00	0.08247861	12.12435565	.	8	2.4952162931	1
28SEP17:13:34:00	0.009483414	105.4472532	.	9	4.6582108582	3
28SEP17:13:34:00	0.023229526	43.04866084	.	10	3.7623311233	2
28SEP17:15:36:00	0.009483414	105.4472532	.	11	4.6582108582	3
29SEP17:12:01:00	0.003353031	298.2376234	.	12	5.6978905627	3
29SEP17:12:02:00	0.023229526	43.04866084	.	13	3.7623311233	2
01OCT17:14:02:00	0.116642369	8.5732141	.	14	2.1486427031	1
02OCT17:09:34:00	0.00011	9131.25	.	15	9.1194578755	5
02OCT17:09:35:00	0.00011	9131.25	.	16	9.1194578755	5
02OCT17:11:59:00	0.001117723	894.6761286	.	17	6.7964617853	4
02OCT17:12:06:00	0.003353031	298.2376234	.	18	5.6978905627	3
02OCT17:14:06:00	0.039551962	25.283196	.	19	3.2301399853	1
02OCT17:14:06:00	0.000612	1633.447658	.	20	7.3984481877	4
02OCT17:16:00:00	0.004741707	210.8945063	.	21	5.3513580383	3
02OCT17:16:02:00	0.006705787	149.1249355	.	22	5.0047844479	3
02OCT17:18:11:00	0.013411573	74.56246777	.	23	4.3116372676	2
03OCT17:08:06:00	0.000612	1633.447658	.	24	7.3984481877	4
03OCT17:08:00:00	0.001117723	894.6761286	.	25	6.7964617853	4
03OCT17:10:03:00	0.006705787	149.1249355	9	26	5.0047844479	3
03OCT17:10:04:00	0.000612	1633.447658	.	27	7.3984481877	4
03OCT17:12:02:00	0.013411573	74.56246777	1	28	4.3116372676	2
03OCT17:12:04:00	0.023229526	43.04866084	6	29	3.7623311233	2
03OCT17:14:03:00	0.058321184	17.1464282	7	30	2.8417898837	1
03OCT17:16:00:00	0.00079	1265.263115	7	31	7.1430353756	4
03OCT17:16:01:00	0.013411573	74.56246777	6	32	4.3116372676	2
04OCT17:10:06:00	0.00079	1265.263115	7	33	7.1430353756	4
04OCT17:10:11:00	0.000129	7748.122555	4	34	8.955205842	5
04OCT17:12:02:00	0.023229526	43.04866084	.	35	3.7623311233	2
04OCT17:12:02:00	0.004741707	210.8945063	9	36	5.3513580383	3
04OCT17:13:53:00	0.023229526	43.04866084	6	37	3.7623311233	2
04OCT17:13:59:00	0.003353031	298.2376234	7	38	5.6978905627	3
04OCT17:15:55:00	0.000279	3578.704514	8	39	8.1827561463	5
04OCT17:16:01:00	0.004741707	210.8945063	8	40	5.3513580383	3
04OCT17:18:03:00	0.00079	1265.263115	4	41	7.1430353756	4
04OCT17:18:03:00	0.013411573	74.56246777	8	42	4.3116372676	2
05OCT17:13:33:00	0.013411573	74.56246777	2	43	4.3116372676	2
05OCT17:15:32:00	0.039551962	25.283196	.	44	3.2301399853	1
05OCT17:15:38:00	0.001935953	516.5415037	7	45	6.247155641	4
06OCT17:11:59:00	0.039551962	25.283196	6	46	3.2301399853	1
07OCT17:12:01:00	0.023229526	43.04866084	8	47	3.7623311233	2
07OCT17:12:01:00	0.013411573	74.56246777	6	48	4.3116372676	2
07OCT17:12:02:00	0.013411573	74.56246777	6	49	4.3116372676	2
09OCT17:09:37:00	0.006705787	149.1249355	9	50	5.0047844479	3
09OCT17:09:37:00	0.023229526	43.04866084	4	51	3.7623311233	2
09OCT17:12:00:00	0.001935953	516.5415037	4	52	6.247155641	4
09OCT17:12:01:00	0.023229526	43.04866084	8	53	3.7623311233	2
09OCT17:12:01:00	0.00011	9131.25	8	54	9.1194578755	5
09OCT17:14:03:00	0.003353031	298.2376234	8	55	5.6978905627	3
09OCT17:15:55:00	0.001935953	516.5415037	8	56	6.247155641	4
09OCT17:16:01:00	0.004741707	210.8945063	9	57	5.3513580383	3
10OCT17:10:07:00	0.006705787	149.1249355	.	58	5.0047844479	3
10OCT17:10:08:00	0.000612	1633.447658	2	59	7.3984481877	4
10OCT17:12:05:00	0.00079	1265.263115	8	60	7.1430353756	4
10OCT17:12:07:00	0.00079	1265.263115	9	61	7.1430353756	4
10OCT17:12:09:00	0.004741707	210.8945063	6	62	5.3513580383	3
10OCT17:13:59:00	0.000433	2310.043831	4	63	7.7450217778	5
10OCT17:14:01:00	0.116642369	8.5732141	6	64	2.1486427031	1
10OCT17:14:12:00	0.006705787	149.1249355	8	65	5.0047844479	3
10OCT17:16:02:00	0.023229526	43.04866084	8	66	3.7623311233	2
10OCT17:16:02:00	0.006705787	149.1249355	.	67	5.0047844479	3
10OCT17:16:02:00	0.003353031	298.2376234	6	68	5.6978905627	3
11OCT17:10:07:00	0.009483414	105.4472532	7	69	4.6582108582	3
11OCT17:10:08:00	0.006705787	149.1249355	7	70	5.0047844479	3
11OCT17:10:08:00	0.00011	9131.25	7	71	9.1194578755	5
11OCT17:12:00:00	0.40824829	2.449489743	5	72	0.8958797347	1
11OCT17:12:01:00	0.006705787	149.1249355	9	73	5.0047844479	3
11OCT17:14:03:00	0.013411573	74.56246777	8	74	4.3116372676	2
11OCT17:14:04:00	0.001117723	894.6761286	8	75	6.7964617853	4
11OCT17:16:01:00	0.000612	1633.447658	8	76	7.3984481877	4
11OCT17:16:01:00	0.004741707	210.8945063	8	77	5.3513580383	3
12OCT17:08:12:00	0.006705787	149.1249355	6	78	5.0047844479	3
12OCT17:13:23:00	0.003353031	298.2376234	9	79	5.6978905627	3
12OCT17:13:25:00	0.00079	1265.263115	5	80	7.1430353756	4
12OCT17:13:29:00	0.013411573	74.56246777	8	81	4.3116372676	2
12OCT17:15:33:00	0.013411573	74.56246777	7	82	4.3116372676	2
12OCT17:15:33:00	0.001935953	516.5415037	7	83	6.247155641	4
13OCT17:11:57:00	0.023229526	43.04866084	1	84	3.7623311233	2
13OCT17:11:56:00	0.004741707	210.8945063	6	85	5.3513580383	3
13OCT17:12:04:00	0.001117723	894.6761286	1	86	6.7964617853	4
13OCT17:14:04:00	0.023229526	43.04866084	5	87	3.7623311233	2
13OCT17:14:04:00	0.001935953	516.5415037	9	88	6.247155641	4
14OCT17:13:58:00	0.039551962	25.283196	8	89	3.2301399853	1
14OCT17:14:03:00	0.004741707	210.8945063	7	90	5.3513580383	3
15OCT17:14:00:00	0.023229526	43.04866084	8	91	3.7623311233	2
15OCT17:14:00:00	0.006705787	149.1249355	1	92	5.0047844479	3
15OCT17:14:01:00	0.009483414	105.4472532	6	93	4.6582108582	3
16OCT17:09:40:00	0.013411573	74.56246777	1	94	4.3116372676	2
16OCT17:09:40:00	0.006705787	149.1249355	0	95	5.0047844479	3
16OCT17:12:04:00	0.023229526	43.04866084	7	96	3.7623311233	2
16OCT17:12:05:00	0.009483414	105.4472532	0	97	4.6582108582	3
16OCT17:12:09:00	0.006705787	149.1249355	.	98	5.0047844479	3
16OCT17:14:03:00	0.00011	9131.25	1	99	9.1194578755	5
16OCT17:16:01:00	0.40824829	2.449489743	6	100	0.8958797347	1
16OCT17:16:02:00	0.001935953	516.5415037	7	101	6.247155641	4
16OCT17:17:58:00	0.00079	1265.263115	9	102	7.1430353756	4
16OCT17:18:04:00	0.001935953	516.5415037	7	103	6.247155641	4
17OCT17:08:04:00	0.006705787	149.1249355	7	104	5.0047844479	3
17OCT17:10:03:00	0.013411573	74.56246777	1	105	4.3116372676	2
17OCT17:10:04:00	0.023229526	43.04866084	4	106	3.7623311233	2
17OCT17:10:04:00	0.023229526	43.04866084	2	107	3.7623311233	2
17OCT17:12:03:00	0.013411573	74.56246777	7	108	4.3116372676	2
17OCT17:12:04:00	0.001935953	516.5415037	6	109	6.247155641	4
17OCT17:12:04:00	0.816496581	1.224744871	0	110	0.2027325537	1
17OCT17:13:59:00	0.001935953	516.5415037	6	111	6.247155641	4
17OCT17:14:01:00	0.004741707	210.8945063	9	112	5.3513580383	3
17OCT17:14:02:00	0.003353031	298.2376234	7	113	5.6978905627	3
17OCT17:16:04:00	0.00079	1265.263115	8	114	7.1430353756	4
17OCT17:16:04:00	0.00011	9131.25	9	115	9.1194578755	5
17OCT17:16:03:00	0.006705787	149.1249355	1	116	5.0047844479	3
18OCT17:10:05:00	0.003353031	298.2376234	7	117	5.6978905627	3
18OCT17:10:05:00	0.00079	1265.263115	3	118	7.1430353756	4
18OCT17:14:03:00	0.000279	3578.704514	.	119	8.1827561463	5
18OCT17:14:02:00	0.000433	2310.043831	7	120	7.7450217778	5
18OCT17:14:07:00	0.000433	2310.043831	.	121	7.7450217778	5
18OCT17:15:59:00	0.001935953	516.5415037	2	122	6.247155641	4
18OCT17:16:01:00	0.006705787	149.1249355	9	123	5.0047844479	3
18OCT17:16:00:00	0.001117723	894.6761286	8	124	6.7964617853	4
18OCT17:18:00:00	0.009483414	105.4472532	8	125	4.6582108582	3
18OCT17:18:00:00	0.000612	1633.447658	5	126	7.3984481877	4
19OCT17:08:11:00	0.816496581	1.224744871	1	127	0.2027325537	1
19OCT17:08:10:00	0.023229526	43.04866084	9	128	3.7623311233	2
19OCT17:13:28:00	0.00079	1265.263115	8	129	7.1430353756	4
19OCT17:13:29:00	0.023229526	43.04866084	6	130	3.7623311233	2
19OCT17:15:30:00	0.023229526	43.04866084	1	131	3.7623311233	2
19OCT17:15:31:00	0.009483414	105.4472532	7	132	4.6582108582	3
19OCT17:15:31:00	0.006705787	149.1249355	2	133	5.0047844479	3
20OCT17:12:00:00	0.006705787	149.1249355	9	134	5.0047844479	3
20OCT17:11:59:00	0.288675135	3.464101615	3	135	1.2424533249	1
20OCT17:12:04:00	0.000433	2310.043831	9	136	7.7450217778	5
20OCT17:14:02:00	0.00079	1265.263115	2	137	7.1430353756	4
22OCT17:13:55:00	0.003353031	298.2376234	7	138	5.6978905627	3
22OCT17:14:01:00	0.013411573	74.56246777	8	139	4.3116372676	2
23OCT17:09:35:00	0.006705787	149.1249355	7	140	5.0047844479	3
23OCT17:09:35:00	0.009483414	105.4472532	8	141	4.6582108582	3
23OCT17:11:57:00	0.039551962	25.283196	1	142	3.2301399853	1
23OCT17:11:58:00	0.001935953	516.5415037	1	143	6.247155641	4
23OCT17:11:58:00	0.023229526	43.04866084	9	144	3.7623311233	2
23OCT17:14:02:00	0.00011	9131.25	2	145	9.1194578755	5
23OCT17:14:03:00	0.004741707	210.8945063	2	146	5.3513580383	3
23OCT17:15:59:00	0.004741707	210.8945063	8	147	5.3513580383	3
23OCT17:16:03:00	0.001117723	894.6761286	8	148	6.7964617853	4
24OCT17:08:10:00	0.004741707	210.8945063	9	149	5.3513580383	3
24OCT17:08:10:00	0.013411573	74.56246777	3	150	4.3116372676	2
24OCT17:08:09:00	0.001117723	894.6761286	2	151	6.7964617853	4
24OCT17:10:03:00	0.006705787	149.1249355	8	152	5.0047844479	3
24OCT17:10:03:00	0.003353031	298.2376234	9	153	5.6978905627	3
24OCT17:10:04:00	0.009483414	105.4472532	4	154	4.6582108582	3
24OCT17:12:04:00	0.000279	3578.704514	6	155	8.1827561463	5
24OCT17:12:05:00	0.006705787	149.1249355	1	156	5.0047844479	3
24OCT17:13:56:00	0.023229526	43.04866084	4	157	3.7623311233	2
24OCT17:14:02:00	0.08247861	12.12435565	4	158	2.4952162931	1
24OCT17:16:02:00	0.001935953	516.5415037	5	159	6.247155641	4
24OCT17:16:02:00	0.000612	1633.447658	6	160	7.3984481877	4
24OCT17:16:01:00	0.000433	2310.043831	7	161	7.7450217778	5
25OCT17:10:07:00	0.006705787	149.1249355	6	162	5.0047844479	3
25OCT17:10:08:00	0.000129	7748.122555	8	163	8.955205842	5
25OCT17:12:03:00	0.001935953	516.5415037	.	164	6.247155641	4
25OCT17:13:53:00	0.003353031	298.2376234	6	165	5.6978905627	3
25OCT17:13:58:00	0.006705787	149.1249355	.	166	5.0047844479	3
25OCT17:13:58:00	0.023229526	43.04866084	8	167	3.7623311233	2
25OCT17:15:52:00	0.001117723	894.6761286	8	168	6.7964617853	4
25OCT17:15:53:00	0.000279	3578.704514	4	169	8.1827561463	5
25OCT17:15:59:00	0.000279	3578.704514	8	170	8.1827561463	5
25OCT17:17:54:00	0.000279	3578.704514	8	171	8.1827561463	5
25OCT17:17:55:00	0.023229526	43.04866084	1	172	3.7623311233	2
25OCT17:17:57:00	0.009483414	105.4472532	4	173	4.6582108582	3
26OCT17:08:14:00	0.023229526	43.04866084	4	174	3.7623311233	2
26OCT17:08:14:00	0.013411573	74.56246777	4	175	4.3116372676	2
26OCT17:13:21:00	0.006705787	149.1249355	7	176	5.0047844479	3
26OCT17:15:31:00	0.023229526	43.04866084	4	177	3.7623311233	2
26OCT17:15:32:00	0.000612	1633.447658	5	178	7.3984481877	4
26OCT17:15:32:00	0.00011	9131.25	8	179	9.1194578755	5
27OCT17:11:57:00	0.004741707	210.8945063	7	180	5.3513580383	3
27OCT17:11:56:00	0.288675135	3.464101615	8	181	1.2424533249	1
27OCT17:12:00:00	0.006705787	149.1249355	8	182	5.0047844479	3
30OCT17:09:36:00	0.000279	3578.704514	.	183	8.1827561463	5
30OCT17:09:53:00	0.013411573	74.56246777	4	184	4.3116372676	2
30OCT17:12:01:00	0.009483414	105.4472532	6	185	4.6582108582	3
30OCT17:12:02:00	0.188982237	5.291502622	4	186	1.6661022551	1
30OCT17:12:02:00	0.013411573	74.56246777	7	187	4.3116372676	2
30OCT17:14:00:00	0.039551962	25.283196	6	188	3.2301399853	1
30OCT17:14:01:00	0.001935953	516.5415037	1	189	6.247155641	4
30OCT17:15:49:00	0.001935953	516.5415037	7	190	6.247155641	4
30OCT17:15:51:00	0.40824829	2.449489743	6	191	0.8958797347	1
30OCT17:15:59:00	0.058321184	17.1464282	2	192	2.8417898837	1
30OCT17:18:03:00	0.039551962	25.283196	7	193	3.2301399853	1
30OCT17:18:03:00	0.000279	3578.704514	4	194	8.1827561463	5
31OCT17:08:13:00	0.006705787	149.1249355	8	195	5.0047844479	3
31OCT17:08:12:00	0.006705787	149.1249355	6	196	5.0047844479	3
31OCT17:08:12:00	0.004741707	210.8945063	3	197	5.3513580383	3
31OCT17:10:13:00	0.000279	3578.704514	7	198	8.1827561463	5
31OCT17:11:59:00	0.001935953	516.5415037	6	199	6.247155641	4
31OCT17:12:01:00	0.006705787	149.1249355	7	201	5.0047844479	3
31OCT17:13:55:00	0.006705787	149.1249355	6	202	5.0047844479	3
31OCT17:13:55:00	0.001935953	516.5415037	8	203	6.247155641	4
31OCT17:13:56:00	0.001935953	516.5415037	3	204	6.247155641	4
31OCT17:16:06:00	0.023229526	43.04866084	8	205	3.7623311233	2
31OCT17:16:05:00	0.001935953	516.5415037	7	206	6.247155641	4
01NOV17:10:06:00	0.006705787	149.1249355	6	207	5.0047844479	3
01NOV17:12:05:00	0.004741707	210.8945063	7	208	5.3513580383	3
01NOV17:12:05:00	0.006705787	149.1249355	5	209	5.0047844479	3
01NOV17:14:00:00	0.000279	3578.704514	9	210	8.1827561463	5
01NOV17:13:59:00	0.004741707	210.8945063	5	211	5.3513580383	3
01NOV17:14:07:00	0.08247861	12.12435565	7	212	2.4952162931	1
01NOV17:16:01:00	0.000129	7748.122555	.	213	8.955205842	5
01NOV17:16:02:00	0.023229526	43.04866084	6	214	3.7623311233	2
01NOV17:16:20:00	0.013411573	74.56246777	8	215	4.3116372676	2
01NOV17:18:04:00	0.003353031	298.2376234	3	216	5.6978905627	3
01NOV17:18:05:00	0.000279	3578.704514	8	217	8.1827561463	5
01NOV17:18:06:00	0.023229526	43.04866084	7	218	3.7623311233	2
02NOV17:08:08:00	0.039551962	25.283196	6	219	3.2301399853	1
02NOV17:08:09:00	0.001117723	894.6761286	5	220	6.7964617853	4
02NOV17:08:10:00	0.40824829	2.449489743	1	221	0.8958797347	1
02NOV17:13:20:00	0.001935953	516.5415037	4	222	6.247155641	4
02NOV17:13:21:00	0.004741707	210.8945063	4	223	5.3513580383	3
02NOV17:15:32:00	0.001935953	516.5415037	6	224	6.247155641	4
02NOV17:15:32:00	0.006705787	149.1249355	4	225	5.0047844479	3
03NOV17:10:02:00	0.023229526	43.04866084	6	226	3.7623311233	2
03NOV17:10:03:00	0.00079	1265.263115	5	227	7.1430353756	4
03NOV17:12:02:00	0.006705787	149.1249355	7	228	5.0047844479	3
03NOV17:12:06:00	0.003353031	298.2376234	6	229	5.6978905627	3
03NOV17:14:03:00	0.039551962	25.283196	8	230	3.2301399853	1
03NOV17:14:03:00	0.004741707	210.8945063	4	231	5.3513580383	3
03NOV17:14:03:00	0.006705787	149.1249355	5	232	5.0047844479	3
04NOV17:12:08:00	0.023229526	43.04866084	6	233	3.7623311233	2
04NOV17:12:09:00	0.001935953	516.5415037	.	234	6.247155641	4
04NOV17:12:10:00	0.006705787	149.1249355	1	235	5.0047844479	3
04NOV17:14:05:00	0.006705787	149.1249355	2	236	5.0047844479	3
06NOV17:09:36:00	0.058321184	17.1464282	1	237	2.8417898837	1
06NOV17:12:01:00	0.009483414	105.4472532	.	238	4.6582108582	3
06NOV17:12:01:00	0.816496581	1.224744871	7	239	0.2027325537	1
06NOV17:12:27:00	0.001935953	516.5415037	6	240	6.247155641	4
06NOV17:14:03:00	0.004741707	210.8945063	8	241	5.3513580383	3
06NOV17:15:55:00	0.004741707	210.8945063	5	242	5.3513580383	3
06NOV17:15:57:00	0.001935953	516.5415037	7	243	6.247155641	4
06NOV17:16:04:00	0.013411573	74.56246777	.	244	4.3116372676	2
06NOV17:18:02:00	0.004741707	210.8945063	6	245	5.3513580383	3
06NOV17:18:02:00	0.000612	1633.447658	.	246	7.3984481877	4
06NOV17:18:09:00	0.000279	3578.704514	5	247	8.1827561463	5
07NOV17:08:14:00	0.001935953	516.5415037	9	248	6.247155641	4
07NOV17:10:04:00	0.023229526	43.04866084	6	249	3.7623311233	2
07NOV17:10:06:00	0.023229526	43.04866084	6	250	3.7623311233	2
07NOV17:12:04:00	0.08247861	12.12435565	4	251	2.4952162931	1
07NOV17:12:13:00	0.00011	9131.25	6	252	9.1194578755	5
07NOV17:14:04:00	0.013411573	74.56246777	6	253	4.3116372676	2
07NOV17:14:07:00	0.009483414	105.4472532	8	254	4.6582108582	3
07NOV17:14:17:00	0.004741707	210.8945063	.	255	5.3513580383	3
07NOV17:16:03:00	0.013411573	74.56246777	8	256	4.3116372676	2
07NOV17:16:03:00	0.000433	2310.043831	1	257	7.7450217778	5
07NOV17:16:04:00	0.001117723	894.6761286	9	258	6.7964617853	4
08NOV17:10:06:00	0.08247861	12.12435565	5	259	2.4952162931	1
08NOV17:10:06:00	0.188982237	5.291502622	7	260	1.6661022551	1
08NOV17:12:07:00	0.00079	1265.263115	1	261	7.1430353756	4
08NOV17:12:06:00	0.013411573	74.56246777	5	262	4.3116372676	2
08NOV17:12:21:00	0.000433	2310.043831	8	263	7.7450217778	5
08NOV17:14:03:00	0.013411573	74.56246777	8	264	4.3116372676	2
08NOV17:14:02:00	0.058321184	17.1464282	4	265	2.8417898837	1
08NOV17:14:02:00	0.013411573	74.56246777	8	266	4.3116372676	2
08NOV17:16:04:00	0.003353031	298.2376234	7	267	5.6978905627	3
08NOV17:16:05:00	0.013411573	74.56246777	6	268	4.3116372676	2
08NOV17:16:07:00	0.001935953	516.5415037	6	269	6.247155641	4
08NOV17:18:04:00	0.00079	1265.263115	6	270	7.1430353756	4
08NOV17:18:04:00	0.001117723	894.6761286	7	271	6.7964617853	4
08NOV17:18:05:00	0.003353031	298.2376234	8	272	5.6978905627	3
09NOV17:08:13:00	0.039551962	25.283196	4	273	3.2301399853	1
09NOV17:08:12:00	0.000279	3578.704514	2	274	8.1827561463	5
09NOV17:08:11:00	0.40824829	2.449489743	.	275	0.8958797347	1
09NOV17:13:34:00	0.006705787	149.1249355	6	276	5.0047844479	3
09NOV17:13:34:00	0.00079	1265.263115	6	277	7.1430353756	4
09NOV17:13:35:00	0.023229526	43.04866084	9	278	3.7623311233	2
09NOV17:15:29:00	0.000612	1633.447658	8	279	7.3984481877	4
09NOV17:15:29:00	0.000433	2310.043831	8	280	7.7450217778	5
09NOV17:15:29:00	0.013411573	74.56246777	8	281	4.3116372676	2
10NOV17:10:00:00	0.006705787	149.1249355	6	282	5.0047844479	3
10NOV17:10:00:00	0.000612	1633.447658	6	283	7.3984481877	4
10NOV17:12:01:00	0.00011	9131.25	6	284	9.1194578755	5
10NOV17:12:00:00	0.000129	7748.122555	6	285	8.955205842	5
10NOV17:12:06:00	0.001935953	516.5415037	6	286	6.247155641	4
10NOV17:13:56:00	0.003353031	298.2376234	6	287	5.6978905627	3
10NOV17:13:57:00	0.003353031	298.2376234	6	288	5.6978905627	3
13NOV17:09:30:00	0.009483414	105.4472532	8	289	4.6582108582	3
13NOV17:09:31:00	0.00011	9131.25	1	290	9.1194578755	5
13NOV17:12:01:00	0.006705787	149.1249355	.	291	5.0047844479	3
13NOV17:12:01:00	0.004741707	210.8945063	7	292	5.3513580383	3
13NOV17:12:04:00	0.001935953	516.5415037	4	293	6.247155641	4
13NOV17:13:57:00	0.009483414	105.4472532	7	294	4.6582108582	3
13NOV17:14:05:00	0.006705787	149.1249355	.	295	5.0047844479	3
13NOV17:15:55:00	0.004741707	210.8945063	.	296	5.3513580383	3
13NOV17:15:55:00	0.00079	1265.263115	.	297	7.1430353756	4
13NOV17:15:55:00	0.006705787	149.1249355	6	298	5.0047844479	3
13NOV17:18:04:00	0.004741707	210.8945063	8	299	5.3513580383	3
13NOV17:18:05:00	0.013411573	74.56246777	.	300	4.3116372676	2
14NOV17:08:11:00	0.013411573	74.56246777	7	301	4.3116372676	2
14NOV17:08:11:00	0.013411573	74.56246777	3	302	4.3116372676	2
14NOV17:08:10:00	0.001935953	516.5415037	8	303	6.247155641	4
14NOV17:10:01:00	0.023229526	43.04866084	.	304	3.7623311233	2
14NOV17:10:02:00	0.40824829	2.449489743	.	305	0.8958797347	1
14NOV17:10:03:00	0.013411573	74.56246777	.	306	4.3116372676	2
14NOV17:12:03:00	0.001117723	894.6761286	4	307	6.7964617853	4
14NOV17:12:04:00	0.023229526	43.04866084	7	308	3.7623311233	2
14NOV17:14:02:00	0.003353031	298.2376234	7	309	5.6978905627	3
14NOV17:14:03:00	0.013411573	74.56246777	.	310	4.3116372676	2
14NOV17:14:04:00	0.001935953	516.5415037	7	311	6.247155641	4
14NOV17:15:55:00	0.001117723	894.6761286	6	312	6.7964617853	4
14NOV17:15:56:00	0.023229526	43.04866084	5	313	3.7623311233	2
14NOV17:15:56:00	0.013411573	74.56246777	5	314	4.3116372676	2
15NOV17:10:01:00	0.023229526	43.04866084	9	315	3.7623311233	2
15NOV17:10:02:00	0.000186	5368.056771	1	316	8.5882212544	5
15NOV17:12:05:00	0.023229526	43.04866084	2	317	3.7623311233	2
15NOV17:12:06:00	0.00011	9131.25	8	318	9.1194578755	5
15NOV17:12:15:00	0.013411573	74.56246777	5	319	4.3116372676	2
15NOV17:13:59:00	0.023229526	43.04866084	7	320	3.7623311233	2
15NOV17:14:05:00	0.000279	3578.704514	1	321	8.1827561463	5
15NOV17:14:07:00	0.013411573	74.56246777	.	322	4.3116372676	2
15NOV17:15:58:00	0.009483414	105.4472532	8	323	4.6582108582	3
15NOV17:16:04:00	0.003353031	298.2376234	8	324	5.6978905627	3
15NOV17:16:09:00	0.000612	1633.447658	8	325	7.3984481877	4
15NOV17:18:05:00	0.006705787	149.1249355	.	326	5.0047844479	3
15NOV17:18:06:00	0.039551962	25.283196	.	327	3.2301399853	1
15NOV17:18:06:00	0.08247861	12.12435565	3	328	2.4952162931	1
16NOV17:08:10:00	0.40824829	2.449489743	5	329	0.8958797347	1
16NOV17:08:08:00	0.001935953	516.5415037	4	330	6.247155641	4
16NOV17:08:08:00	0.023229526	43.04866084	4	331	3.7623311233	2
16NOV17:13:34:00	0.004741707	210.8945063	2	332	5.3513580383	3
16NOV17:15:37:00	0.003353031	298.2376234	6	333	5.6978905627	3
16NOV17:15:52:00	0.006705787	149.1249355	7	334	5.0047844479	3
17NOV17:11:56:00	0.08247861	12.12435565	6	335	2.4952162931	1
17NOV17:12:13:00	0.006705787	149.1249355	.	336	5.0047844479	3
27NOV17:09:40:00	0.023229526	43.04866084	6	337	3.7623311233	2
27NOV17:09:35:00	0.039551962	25.283196	8	338	3.2301399853	1
27NOV17:12:01:00	0.188982237	5.291502622	8	339	1.6661022551	1
27NOV17:12:04:00	0.000433	2310.043831	6	340	7.7450217778	5
27NOV17:14:01:00	0.006705787	149.1249355	7	341	5.0047844479	3
27NOV17:14:06:00	0.003353031	298.2376234	8	342	5.6978905627	3
27NOV17:15:54:00	0.000612	1633.447658	7	343	7.3984481877	4
27NOV17:15:55:00	0.001935953	516.5415037	8	344	6.247155641	4
27NOV17:16:01:00	0.001935953	516.5415037	6	345	6.247155641	4
27NOV17:18:04:00	0.000612	1633.447658	8	346	7.3984481877	4
27NOV17:18:04:00	0.039551962	25.283196	5	347	3.2301399853	1
27NOV17:18:05:00	0.004741707	210.8945063	7	348	5.3513580383	3
28NOV17:08:13:00	0.001935953	516.5415037	8	349	6.247155641	4
28NOV17:10:10:00	0.039551962	25.283196	5	350	3.2301399853	1
28NOV17:10:06:00	0.000433	2310.043831	3	351	7.7450217778	5
28NOV17:10:08:00	0.023229526	43.04866084	8	352	3.7623311233	2
28NOV17:12:02:00	0.188982237	5.291502622	5	353	1.6661022551	1
28NOV17:12:03:00	0.006705787	149.1249355	4	354	5.0047844479	3
28NOV17:13:55:00	0.009483414	105.4472532	8	355	4.6582108582	3
28NOV17:14:17:00	0.006705787	149.1249355	4	356	5.0047844479	3
28NOV17:16:06:00	0.004741707	210.8945063	8	357	5.3513580383	3
28NOV17:16:07:00	0.003353031	298.2376234	4	358	5.6978905627	3
28NOV17:16:07:00	0.004741707	210.8945063	7	359	5.3513580383	3
29NOV17:10:06:00	0.058321184	17.1464282	9	360	2.8417898837	1
29NOV17:10:06:00	0.001117723	894.6761286	4	361	6.7964617853	4
29NOV17:12:01:00	0.000612	1633.447658	2	362	7.3984481877	4
29NOV17:12:01:00	0.009483414	105.4472532	.	363	4.6582108582	3
29NOV17:12:16:00	0.00011	9131.25	5	364	9.1194578755	5
29NOV17:14:03:00	0.000433	2310.043831	4	365	7.7450217778	5
29NOV17:15:58:00	0.023229526	43.04866084	5	366	3.7623311233	2
29NOV17:16:02:00	0.013411573	74.56246777	4	367	4.3116372676	2
29NOV17:16:05:00	0.009483414	105.4472532	.	368	4.6582108582	3
29NOV17:18:03:00	0.000433	2310.043831	7	369	7.7450217778	5
29NOV17:18:03:00	0.023229526	43.04866084	2	370	3.7623311233	2
29NOV17:18:04:00	0.023229526	43.04866084	.	371	3.7623311233	2
30NOV17:08:08:00	0.288675135	3.464101615	1	372	1.2424533249	1
30NOV17:08:07:00	0.004741707	210.8945063	8	373	5.3513580383	3
30NOV17:08:06:00	0.039551962	25.283196	1	374	3.2301399853	1
30NOV17:13:43:00	0.006705787	149.1249355	8	375	5.0047844479	3
30NOV17:13:44:00	0.116642369	8.5732141	9	376	2.1486427031	1
30NOV17:13:42:00	0.001935953	516.5415037	8	377	6.247155641	4
30NOV17:15:37:00	0.000186	5368.056771	9	378	8.5882212544	5
30NOV17:15:38:00	0.004741707	210.8945063	1	379	5.3513580383	3
30NOV17:15:49:00	0.006705787	149.1249355	9	380	5.0047844479	3
01DEC17:10:08:00	0.023229526	43.04866084	6	381	3.7623311233	2
01DEC17:10:08:00	0.40824829	2.449489743	6	382	0.8958797347	1
01DEC17:10:09:00	0.023229526	43.04866084	.	383	3.7623311233	2
01DEC17:12:03:00	0.00079	1265.263115	2	384	7.1430353756	4
01DEC17:14:02:00	0.003353031	298.2376234	3	385	5.6978905627	3
01DEC17:14:03:00	0.006705787	149.1249355	6	386	5.0047844479	3
01DEC17:14:06:00	0.013411573	74.56246777	8	387	4.3116372676	2
04DEC17:09:35:00	0.004741707	210.8945063	8	388	5.3513580383	3
04DEC17:14:08:00	0.003353031	298.2376234	5	389	5.6978905627	3
04DEC17:15:56:00	0.006705787	149.1249355	6	390	5.0047844479	3
04DEC17:18:07:00	0.001935953	516.5415037	6	391	6.247155641	4
04DEC17:18:08:00	0.023229526	43.04866084	6	392	3.7623311233	2
05DEC17:08:04:00	0.001935953	516.5415037	3	393	6.247155641	4
05DEC17:08:03:00	0.013411573	74.56246777	8	394	4.3116372676	2
05DEC17:08:02:00	0.00079	1265.263115	8	395	7.1430353756	4
05DEC17:10:03:00	0.013411573	74.56246777	1	396	4.3116372676	2
05DEC17:10:04:00	0.006705787	149.1249355	8	397	5.0047844479	3
05DEC17:12:04:00	0.013411573	74.56246777	4	398	4.3116372676	2
05DEC17:12:05:00	0.013411573	74.56246777	.	399	4.3116372676	2
05DEC17:12:22:00	0.058321184	17.1464282	.	400	2.8417898837	1
05DEC17:13:58:00	0.116642369	8.5732141	8	401	2.1486427031	1
05DEC17:13:59:00	0.001935953	516.5415037	5	402	6.247155641	4
05DEC17:14:04:00	0.023229526	43.04866084	2	403	3.7623311233	2
05DEC17:16:01:00	0.023229526	43.04866084	9	404	3.7623311233	2
05DEC17:16:02:00	0.000279	3578.704514	8	405	8.1827561463	5
05DEC17:16:02:00	0.023229526	43.04866084	2	406	3.7623311233	2
06DEC17:12:40:00	0.001935953	516.5415037	7	407	6.247155641	4
06DEC17:12:39:00	0.023229526	43.04866084	.	408	3.7623311233	2
06DEC17:14:04:00	0.006705787	149.1249355	8	409	5.0047844479	3
06DEC17:14:11:00	0.023229526	43.04866084	6	410	3.7623311233	2
06DEC17:15:57:00	0.188982237	5.291502622	8	411	1.6661022551	1
06DEC17:15:59:00	0.009483414	105.4472532	5	412	4.6582108582	3
06DEC17:16:04:00	0.188982237	5.291502622	8	413	1.6661022551	1
06DEC17:18:03:00	0.001935953	516.5415037	6	414	6.247155641	4
06DEC17:18:04:00	0.006705787	149.1249355	7	415	5.0047844479	3
07DEC17:08:05:00	0.006705787	149.1249355	6	416	5.0047844479	3
07DEC17:08:05:00	0.013411573	74.56246777	4	417	4.3116372676	2
07DEC17:08:06:00	0.009483414	105.4472532	5	418	4.6582108582	3
07DEC17:12:48:00	0.013411573	74.56246777	4	419	4.3116372676	2
07DEC17:12:49:00	0.006705787	149.1249355	7	420	5.0047844479	3
07DEC17:12:49:00	0.003353031	298.2376234	8	421	5.6978905627	3
07DEC17:15:33:00	0.023229526	43.04866084	8	422	3.7623311233	2
07DEC17:15:33:00	0.000433	2310.043831	6	423	7.7450217778	5
07DEC17:15:34:00	0.039551962	25.283196	1	424	3.2301399853	1
23JAN18:17:55:00	0.004741707	210.8945063	8	425	5.3513580383	3
23JAN18:17:59:00	0.023229526	43.04866084	3	426	3.7623311233	2
23JAN18:18:16:00	0.00011	9131.25	4	427	9.1194578755	5
24JAN18:14:03:00	0.000279	3578.704514	4	428	8.1827561463	5
24JAN18:14:03:00	0.004741707	210.8945063	9	429	5.3513580383	3
24JAN18:14:04:00	0.013411573	74.56246777	6	430	4.3116372676	2
25JAN18:13:11:00	0.006705787	149.1249355	6	431	5.0047844479	3
27JAN18:13:03:00	0.006705787	149.1249355	8	432	5.0047844479	3
27JAN18:13:03:00	0.013411573	74.56246777	3	433	4.3116372676	2
27JAN18:13:06:00	0.023229526	43.04866084	.	434	3.7623311233	2
28JAN18:13:03:00	0.003353031	298.2376234	7	435	5.6978905627	3
28JAN18:13:03:00	0.006705787	149.1249355	7	436	5.0047844479	3
28JAN18:13:04:00	0.006705787	149.1249355	1	437	5.0047844479	3
29JAN18:13:01:00	0.004741707	210.8945063	8	438	5.3513580383	3
29JAN18:13:00:00	0.00079	1265.263115	6	439	7.1430353756	4
29JAN18:13:02:00	0.003353031	298.2376234	6	440	5.6978905627	3
30JAN18:11:05:00	0.013411573	74.56246777	.	441	4.3116372676	2
30JAN18:11:04:00	0.000433	2310.043831	8	442	7.7450217778	5
30JAN18:13:04:00	0.000433	2310.043831	1	443	7.7450217778	5
30JAN18:13:05:00	0.00079	1265.263115	6	444	7.1430353756	4
30JAN18:15:03:00	0.116642369	8.5732141	8	445	2.1486427031	1
30JAN18:15:04:00	0.006705787	149.1249355	2	446	5.0047844479	3
30JAN18:18:01:00	0.00079	1265.263115	.	447	7.1430353756	4
31JAN18:11:33:00	0.000433	2310.043831	6	448	7.7450217778	5
31JAN18:13:35:00	0.058321184	17.1464282	8	449	2.8417898837	1
05FEB18:12:59:00	0.004741707	210.8945063	8	450	5.3513580383	3
06FEB18:15:04:00	0.013411573	74.56246777	6	451	4.3116372676	2
06FEB18:15:06:00	0.004741707	210.8945063	.	452	5.3513580383	3
06FEB18:15:05:00	0.006705787	149.1249355	2	453	5.0047844479	3
06FEB18:17:57:00	0.001935953	516.5415037	5	454	6.247155641	4
06FEB18:17:58:00	0.039551962	25.283196	6	455	3.2301399853	1
06FEB18:17:59:00	0.039551962	25.283196	3	456	3.2301399853	1
07FEB18:13:34:00	0.001117723	894.6761286	2	457	6.7964617853	4
07FEB18:13:35:00	0.000433	2310.043831	6	458	7.7450217778	5
08FEB18:18:04:00	0.009483414	105.4472532	1	459	4.6582108582	3
08FEB18:18:05:00	4.898979486	0.204124145	7	460	-1.589026916	1
08FEB18:18:06:00	0.004741707	210.8945063	.	461	5.3513580383	3
10FEB18:13:04:00	0.004741707	210.8945063	6	462	5.3513580383	3
10FEB18:13:05:00	0.003353031	298.2376234	6	463	5.6978905627	3
