Subject	RavenScore	Mood2	RavenTime	RavenRatio_win	Raven_res
1	8		331.794	0.0241113462	-1.180597466
2	12		580.298	0.0206790304	-1.18790833
4	14		448.826	0.0311924888	-0.208380971
5	19		357.927	0.05308345	1.3262401395
6	15		423.722	0.0354005692	0.1251647429
7	12		600.005	0.0199998333	-1.263675889
8	18		600.008	0.0299996	0.1584823365
9	19		380.017	0.0499977633	1.2413106536
10	12		404.81	0.0296435365	-0.513209116
11	16		600.007	0.0266663556	-0.315570405
12	17		428.606	0.0396634671	0.5804438006
13	20		469.537	0.0425951522	1.134161148
14	16		600.006	0.0266664	-0.315566561
15	16		600.006	0.0266664	-0.315566561
16	20		493.563	0.0405216761	1.0417883174
17	22		418.54	0.0525636737	1.8042860454
18	17		600.009	0.0283329083	-0.078549801
19	15		387.951	0.0386646767	0.2626936084
20	13		488.551	0.0266092997	-0.598140084
21	17		430.168	0.0395194436	0.5744383748
22	16		549.059	0.0291407663	-0.119690485
23	20		427.403	0.0467942434	1.2961538577
24	18	-	275.022	0.0654493095	1.4079569358
25	14	-	505.939	0.0276713201	-0.427963484
26	12	8	454.955	0.026376235	-0.706001741
27	15	-	435.727	0.034425225	0.0790090852
28	15	9	395.925	0.0378859633	0.2320359479
29	16	6	600.01	0.0266662222	-0.315581939
30	14	6	296.104	0.0472806852	0.3787897376
31	12	7	387.715	0.0309505694	-0.447483921
32	18	4	391.809	0.0459407517	0.9589456244
33	20	7	500.602	0.0399518979	1.014725454
34	1		264.983	0.003773827	-2.582927077
35	21	-	600.006	0.03499965	0.8695749055
36	21	9	542.25	0.0387275242	1.0916295631
37	15		537.371	0.027913676	-0.311781891
38	14	6	600.006	0.0233331	-0.789623147
39	14	-	600.005	0.0233331389	-0.789619302
40	12	8	415.627	0.0288720415	-0.554797267
41	17	6	600.01	0.0283328611	-0.078553646
42	13	4	456.368	0.0284857834	-0.474406013
43	15	-	430.644	0.0348315546	0.0985517098
44	7	-	172.405	0.0406020707	-0.804822417
45	17	7	444.846	0.0382154723	0.5180058264
46	15	5	397.716	0.0377153547	0.2251500851
47	17	8	369.536	0.046003637	0.8075503978
48	16	2	349.983	0.0457165062	0.6456975793
49	15	6	492.981	0.0304271361	-0.141115532
50	19	7	368.284	0.0515906203	1.2864205521
51	10		515.055	0.0194154022	-1.411124968
52	10	-	509.137	0.0196410789	-1.388372017
53	19	8	500.423	0.0379678792	0.7783853627
54	17	6	429.519	0.0395791572	0.5769335869
55	19	6	600.016	0.0316658222	0.3954798721
56	15	0	447.535	0.0335169316	0.033610834
57	18	9	563.142	0.031963519	0.3002211516
58	12	-	330.379	0.0363219212	-0.227044039
59	15	2	600.006	0.02499975	-0.552594854
60	16	8	405.354	0.0394716717	0.432812538
61	18	8	500.655	0.0359529017	0.5404650984
62	18	6	362.841	0.0496085062	1.0703189765
63	10	-	196.803	0.0508122336	-0.187540598
64	10	5	556.446	0.0179711958	-1.570261064
65	15	8	403.456	0.0371787754	0.2030814908
66	16	7	600.006	0.0266664	-0.315566561
67	13	-	432.149	0.030082217	-0.381291154
68	18	6	392.43	0.0458680529	0.956558064
69	18	7	382.779	0.0470245233	0.9936632911
70	15	7	369.903	0.0405511715	0.3320828054
71	18	6	496.005	0.0362899568	0.5583429666
72	13	-	289.494	0.0449059393	0.1671749302
73	17	9	424.222	0.0400733578	0.5972989779
74	17	8	454.812	0.0373780815	0.4796895178
75	14	6	585.851	0.0238968611	-0.735201378
76	21	8	537.722	0.0390536374	1.1090383776
77	15	6	600.007	0.0249997083	-0.552598698
78		-	293.712	0.00276763	
79	21	8	435.581	0.0482114693	1.501740171
80	13	3	356.544	0.036461138	-0.090612396
81	20	7	600.003	0.0333331667	0.6325581464
82	13	6	327.15	0.0397371236	0.0223987998
83	9	7	283.607	0.0317340545	-0.758304477
84	10	1	572.856	0.0174563939	-1.633352637
85	17	4	498.11	0.0341290076	0.313221574
86	17	9	515.276	0.0329920276	0.2472234049
87	16	5	390.49	0.0409741607	0.4899602011
88	14	8	428.469	0.0326744759	-0.130114355
89	14	8	512.847	0.02729859	-0.454522691
90	21	7	468.745	0.0448004779	1.3742344458
91	12	8	595.399	0.0201545518	-1.245967187
92	15	8	448.976	0.0334093582	0.0280706172
93	17	4	566.18	0.0300257869	0.0515126512
94	21	1	600.006	0.03499965	0.8695749055
95	21		512.058	0.0410109792	1.2077088314
96	18	7	506.557	0.035534007	0.5177736622
97	17	1	600.003	0.0283331917	-0.078526733
98	11	-	600.009	0.0183330583	-1.500719561
99	14	1	411.405	0.0340297274	-0.064508345
100	19	6	471.66	0.0402832549	0.8889705506
101	14	8	406.074	0.0344764747	-0.044012234
102	20	8	414.921	0.0482019469	1.3441434386
103	17	7	600.009	0.0283329083	-0.078549801
104	16	7	406.509	0.0393595222	0.4283719062
105	3	1	277.542	0.0108091748	-2.157156113
106	13	5	418.269	0.0310804769	-0.327926679
107	17	2	539.192	0.0315286577	0.1552734916
108	17	7	572.637	0.029687219	0.0266874049
109	14	6	343.898	0.0407097453	0.1950360097
110	14	-	430.035	0.0325554897	-0.136135159
111	8	6	186.114	0.0429844074	-0.620501155
112	15	8	497.144	0.0301723444	-0.157121029
113	11	6	389.429	0.028246484	-0.691102035
114	13	7	308.977	0.0420743292	0.0922685847
115	17	5	358.348	0.0474399187	0.8505649332
116	11	1	296.828	0.0370584985	-0.335078707
117	17	7	596.257	0.0285111957	-0.064124476
118	14	3	600.008	0.0233330222	-0.789630836
119	19		462.398	0.0410901431	0.9245801884
120	13	7	459.222	0.0283087483	-0.485378795
121	15	-	403.981	0.0371304591	0.2010630218
122	14	2	383.345	0.0365206276	0.0433740166
123	12	-	250.898	0.0478282011	0.0785367881
124	19	6	600.003	0.0316665083	0.3955298532
125	15	7	347.907	0.0431149704	0.4166508892
126	17	5	551.902	0.03080257	0.1064073184
127	16	1	330.28	0.0484437447	0.7214497595
128	11	9	513.869	0.0214062339	-1.169536857
129	17	7	600.004	0.0283331444	-0.078530578
130	14	6	600.006	0.0233331	-0.789623147
131	10	7	256.671	0.0389603812	-0.417715268
132	18	6	532.766	0.0337859398	0.4170078453
133	7	2	219.341	0.0319137781	-0.98527739
134	9	8	353.477	0.0254613454	-1.026933865
135	16	1	303.856	0.0526565215	0.8230421875
136	18	9	562.095	0.0320230566	0.3042465555
137	16	2	600.006	0.0266664	-0.315566561
138	16	4	266.086	0.0601309351	0.968256614
139	12	7	337.579	0.0355472349	-0.254725899
140	14	4	283.817	0.0493275597	0.4260296015
141	17	8	600.001	0.0283332861	-0.078519044
142	12	1	446.697	0.0268638473	-0.674252185
143	17	1	424.923	0.0400072484	0.5946038412
144	17	9	412.802	0.041181971	0.6412054844
145	21	2	556.04	0.0377670671	1.0386111108
147	20	8	600.003	0.0333331667	0.6325581464
148	12	7	553.216	0.0216913466	-1.083786087
149	12	9	410.243	0.0292509561	-0.534097387
150	12	2	347.431	0.0345392323	-0.292603912
151	16	3	600.003	0.0266665333	-0.315555026
152	16	8	376.186	0.0425321516	0.5449548306
153	13	9	337.617	0.0385051701	-0.017843705
154	21	4	419.014	0.0501176572	1.5654353631
155	19	7	536.32	0.035426611	0.6403720646
156	19	1	424.35	0.0447743608	1.0708634423
157	14	2	580.013	0.02413739	-0.712756003
158	13	2	466.892	0.0278436983	-0.514867665
159	9	5	254.327	0.0353875129	-0.645731578
160	20	6	600.002	0.0333332222	0.6325619911
161	18	7	356.247	0.0505267413	1.0956709471
162	2	5	449.191	0.004452449	-3.054123805
163	16	7	432.692	0.0369778041	0.3277060516
164	17	-	600.006	0.02833305	-0.078538267
165	17	4	541.434	0.0313981021	0.1466536678
166	11	-	397.192	0.0276944148	-0.720948463
167	16	4	600.004	0.0266664889	-0.315558871
168	13	6	283.492	0.0458566732	0.1902508367
169	14	4	339.407	0.0412484127	0.2123025702
170	13	8	383.466	0.0339013107	-0.194119486
171	17	7	554.322	0.0306680954	0.0971031375
172	17	9	394.709	0.0430697045	0.710767693
173	19	4	600.003	0.0316665083	0.3955298532
174	14	8	556.053	0.0251774561	-0.620636923
175	14	0	365.142	0.0383412481	0.1133591425
176	11	7	384.718	0.0285923716	-0.67298964
177	16	4	437.627	0.0365608155	0.308732443
178	10	-	292.339	0.0342068626	-0.554848129
179	17	8	337.274	0.0504041225	0.931588201
180	11	7	283.548	0.0387941371	-0.284021053
181	17	6	484.425	0.0350931517	0.3658363324
182	15	6	484.648	0.0309502979	-0.109077623
183	20	-	448.679	0.0445752977	1.2143539599
184	19		583.847	0.0325427723	0.4576448724
185	14	6	580.125	0.02413273	-0.71318661
186	16	2	409.061	0.0391139708	0.4185602245
187	16	4	422.981	0.0378267582	0.3650419609
188	15	4	420.681	0.0356564713	0.1368564843
189	16	8	539.357	0.0296649529	-0.082389178
190	16	7	455.656	0.035114209	0.2394162954
191	18	5	420.878	0.0427677379	0.8471839574
192	16	-	521.62	0.0306736705	-0.014195683
193	19	7	462.909	0.0410447842	0.9226155452
194	18	3	600.001	0.02999995	0.1585092494
195	14	8	600.002	0.0233332556	-0.789607768
196	13	6	388.071	0.0334990247	-0.211824342
197	1	3	600.004	0.00276763	-3.870983269
198	13	6	404.684	0.03212383	-0.275696391
199	15		445.764	0.0336500929	0.0404198028
200	16	8	436.412	0.0366626032	0.313403757
201	17	7	506.776	0.0335453928	0.2799033791
202	19	5	526.863	0.0360625058	0.6767314194
203	9	6	516.312	0.0174313206	-1.652986053
204	22	2	499.001	0.044088088	1.4949374097
205	12	7	578.487	0.0207437678	-1.180945573
206	19	6	600.002	0.0316665611	0.3955336979
207	1	6	529.899	0.00276763	-3.601450376
208	22	7	439.333	0.0500759105	1.7243431391
209	12	4	454.779	0.0263864426	-0.705325073
210	15	8	441.757	0.0339553193	0.0558255271
211	15	6	346.184	0.0433295588	0.4232753122
212	21	6	600.005	0.0349997083	0.8695787502
213	18	-	547.332	0.0328868036	0.3610059036
214	9	4	354.466	0.0253903054	-1.030736276
215	14	8	338.274	0.0413865683	0.2166586186
216	11	1	369.487	0.0297710068	-0.614430971
217	18	7	600.001	0.02999995	0.1585092494
218	15	6	315.336	0.0475683081	0.5418767056
219	13	6	516.822	0.025153728	-0.706833678
220	20	6	562.211	0.0355738326	0.7778571564
221	17		373.335	0.045535511	0.7929443716
222	12	-	275.956	0.0434851933	-0.017803776
223	14	3	377.181	0.0371174582	0.0670727649
224	20	5	452.669	0.0441823938	1.1990135956
225	13	0	384.974	0.0337685142	-0.199917298
226	19	4	500.772	0.0379414184	0.7770435614
227	6	5	600.01	0.0099998333	-2.685864871
228	9	3	394.332	0.0228234077	-1.1840092
229	13		314.024	0.0413981097	0.0728643694
230	2	8	256.565	0.0077952955	-2.313534075
231	13	5	348.873	0.0372628435	-0.06111968
232	18	5	470.818	0.0382313336	0.6551794972
233	11	2	367.827	0.0299053631	-0.608048764
234	19	6	600.007	0.0316662972	0.3955144744
235	14	1	365.705	0.038282222	0.1111945748
236	15	-	498.438	0.0300940137	-0.162096075
237	20	2	282.81	0.06572119	1.8520709764
238	16	-	600.006	0.0266664	-0.315566561
239	10	8	423.232	0.023627703	-1.058092819
240	18	3	600.003	0.02999985	0.15850156
241	20	8	523.394	0.0382121308	0.9270969868
242	13	5	439.893	0.0295526412	-0.411064533
243	19	0	490.551	0.0387319565	0.8163402692
244	10	5	291.389	0.0343183854	-0.551195661
245	18	4	600.009	0.02999955	0.1584784918
246	19	-	528.252	0.0359676821	0.6713911271
247	19	4	590.681	0.0321662623	0.4313701731
248	19	7	600.014	0.0316659278	0.3954875615
249	17	6	600.008	0.0283329556	-0.078545957
250	15	6	377.459	0.0397394154	0.3030322307
251	9	4	286.261	0.0314398399	-0.768508318
252	16	6	600.006	0.0266664	-0.315566561
253	18	7	454.463	0.0396071847	0.7180596123
254	21		545.04	0.0385292823	1.0809028421
255	10	-	423.053	0.0236377002	-1.057404617
256	13	8	375.745	0.0345979321	-0.164434535
257	12	1	215.058	0.0557989008	0.2163309381
258	18	1	507.645	0.0354578495	0.5135906255
259	20	6	561.184	0.0356389348	0.7818056662
260	13	7	346.464	0.0375219359	-0.051857791
261	16	1	600.007	0.0266663556	-0.315570405
262	21	2	466.876	0.0449798233	1.3814201954
263	14	7	366.524	0.0381966802	0.1080457631
264	6	7	239.88	0.0250125063	-1.301272035
265	12	0	373.476	0.0321305787	-0.392739197
266	18	6	600.003	0.02999985	0.15850156
267	9	2	497.922	0.0180751202	-1.582281967
268	10	5	306.462	0.0326304729	-0.609146867
269	17	4	600.003	0.0283331917	-0.078526733
270	11	3	275.352	0.0399488655	-0.252509869
271	1	7	303.538	0.0032944804	-2.731159595
272	21	7	588.132	0.03570627	0.9152269071
273	5	4	196.18	0.0254867978	-1.370286814
274	15	-	429.678	0.0349098627	0.1022656928
275			600.007	0.00276763	
276	16	4	258.778	0.0618290581	0.9963537024
277	16	8	489.616	0.0326786706	0.1088501867
278	21	9	373.529	0.0562205344	1.7403116721
279	12	7	334.37	0.0358883871	-0.242388248
280	15	7	362.025	0.0414336027	0.3623713744
281	16	6	389.588	0.0410690268	0.4934281231
282	14	6	391.235	0.0357841195	0.0130393111
283	12	5	527.928	0.0227303723	-0.986561241
284	12	6	323.298	0.0371174582	-0.199819698
285	16	6	584.921	0.0273541213	-0.257569218
286	21	5	530.402	0.0395926109	1.1371816024
287	16	6	382.608	0.0418182579	0.5202641489
288	11	4	347.81	0.0316264627	-0.531089347
289	9	1	421.072	0.0213740168	-1.286816554
290	16	1	600.016	0.0266659556	-0.315605008
291	16	-	600.012	0.0266661333	-0.315589629
292	17	7	600.012	0.0283327667	-0.078561336
293	20	4	600.007	0.0333329444	0.6325427676
294	12	-	463.407	0.0258951634	-0.738497169
295	12	-	523.325	0.0229303014	-0.968864074
296	18	-	558.412	0.0322342643	0.3184065961
297	18	-	412.122	0.0436763871	0.8808481755
298	18	5	537.884	0.0334644645	0.3973306561
299	10	6	551.076	0.0181463174	-1.549615009
300	17	-	440.108	0.0386268825	0.5362220285
301	22	6	481.529	0.0456877987	1.5621120578
302	20	-	383.586	0.0521395463	1.4646172023
303	13	8	600.006	0.02166645	-1.02665144
304	14		320.694	0.0436553225	0.2842484946
305	3		271.767	0.0110388679	-2.134952954
306	16	-	467.238	0.0342437901	0.194886947
307	6	4	428.25	0.0140105079	-2.02549871
308	13	7	174.109	0.06572119	0.6107959682
309	15	6	357.986	0.0419010799	0.3779001292
310	9	-	522.661	0.0172195744	-1.677396071
311	17	4	442.943	0.0383796561	0.5253222959
312	17	6	600.015	0.028332625	-0.07857287
313	21	5	492.158	0.0426692241	1.2842184181
314	1	2	122.929	0.008134777	-2.036771658
315	17	8	404.389	0.04203873	0.6735509694
316	7	1	464.961	0.0150550261	-1.929613303
317	18	2	500.499	0.0359641078	0.541064872
318	9	8	284.874	0.0315929148	-0.763175715
319	17	6	378.989	0.0448561832	0.7712064217
320	12	6	280.878	0.0427231752	-0.036727403
321	19	8	514.385	0.0369373135	0.7247056215
322	8		315.424	0.0253626864	-1.117659681
323	17	6	382.291	0.0444687424	0.7585112129
324	14		374.43	0.0373901664	0.0776495424
325	1	8	600.007	0.00276763	-3.870994803
326	16	-	481.001	0.0332639641	0.1419723018
327	12	-	325.268	0.0368926547	-0.207393763
328	10	3	304.359	0.0328559366	-0.601061457
329	12		396.51	0.0302640539	-0.481298083
330	19	3	372.277	0.0510372653	1.2710686536
331	13	4	427.652	0.0303985484	-0.364001526
332	12		443.574	0.0270529833	-0.662245178
333	9	-	154.652	0.0581951737	-0.262510821
334	18	7	356.703	0.0504621492	1.0939177626
335	16	4	517.958	0.0308905355	-0.000116381
336	19	-	600.012	0.0316660333	0.3954952509
337	6	4	194.281	0.0308831023	-1.12595743
338	18	8	600.022	0.0299989	0.1584285106
339	15	8	379.131	0.0395641612	0.2966038875
340	19	6	600.013	0.0316659806	0.3954914062
341	14	5	600.016	0.0233327111	-0.789661594
342	17	8	423.43	0.0401483126	0.6003439825
343	20	8	476.916	0.0419361061	1.1057910857
344	13	9	324.375	0.0400770713	0.0330678502
345	19	6	600.007	0.0316662972	0.3955144744
346	12	8	442.904	0.0270939075	-0.659669227
347	10	4	383.108	0.0261023001	-0.903827962
348	15	7	600.006	0.02499975	-0.552594854
349	18	7	452.521	0.0397771595	0.7255260252
350	5	5	284.976	0.0175453372	-1.711681048
351	18	2	447.92	0.0401857475	0.743215503
352	13	8	407.52	0.0319002748	-0.286599968
353	18	6	529.206	0.0340132198	0.4306949874
354	13	4	432.132	0.0300834004	-0.381225794
355	16	3	511.009	0.0313106031	0.0266004587
356	16	5	403.989	0.0396050388	0.4380605574
357	22	4	386.532	0.0569163743	1.9273472941
358	20	3	448.624	0.0445807625	1.2145654186
359	11	4	226.499	0.0485653358	-0.0646846
360	19	9	481.113	0.0394917618	0.8526265746
361	16	2	475.93	0.0336183893	0.1614687899
362	19		600.028	0.031665189	0.3954337356
363	8	-	425.43	0.0188045037	-1.540600062
364	15	2	531.104	0.028243056	-0.287687138
365	18	-	404.993	0.0444452126	0.9082570621
366	20	4	426.984	0.0468401626	1.2977647882
367	15	4	339.938	0.0441256935	0.4472893262
368	21	-	600.006	0.03499965	0.8695749055
369	16	6	489.477	0.0326879506	0.1093846004
370	16	1	600.015	0.026666	-0.315601163
371	18	-	509.927	0.0352991703	0.5048170136
372	17	1	483.098	0.0351895475	0.3709382531
373	14	7	367.633	0.0380814562	0.1037819877
374	3	1	407.352	0.007364638	-2.65623699
375	16	8	291.521	0.0548845538	0.8704665971
376	15	9	600.014	0.0249994167	-0.552625611
377	17	6	600.012	0.0283327667	-0.078561336
378	16	9	483.784	0.0330726109	0.1312724937
379	12	9	570.366	0.0210391222	-1.149722741
380	22	7	600.019	0.0366655056	1.1065532175
381	15	5	376.521	0.0398384154	0.306638562
382	12	5	450.44	0.0266406181	-0.688642907
383	15	-	555.9	0.0269832704	-0.38302039
384	9	2	347.248	0.0259180758	-1.002985211
385	14		408.046	0.0343098572	-0.051593988
386	11	2	382.067	0.0287907618	-0.662797333
387	14	7	481.709	0.0290631896	-0.334806334
388	5		343.01	0.0145768345	-1.934804533
389	19	4	600.013	0.0316659806	0.3954914062
390	17	6	397.99	0.0427146411	0.698153223
391	17	6	583.254	0.0291468211	-0.014131805
392	9	6	397.948	0.0226160202	-1.197911645
393	16	4	432.496	0.0369945618	0.3284596133
394	10	6	257.969	0.0387643477	-0.422705692
395	18	8	600.007	0.02999965	0.1584861812
396	14	1	502.969	0.0278347174	-0.416544717
397	9	5	240.607	0.0374053955	-0.592982254
398	16	3	384.017	0.0416648221	0.5148469626
399	20	-	562.402	0.0355617512	0.7771228181
400	1		600.006	0.00276763	-3.870990958
401	13	9	600.012	0.0216662333	-1.026674508
402	22	5	600.015	0.03666575	1.1065685963
403	19	7	581.688	0.0326635585	0.4659455858
404	17	7	557.324	0.0305029032	0.0855613396
405	18	8	600.016	0.0299992	0.1584515789
406	18	0	600.007	0.02999965	0.1584861812
407	16	7	447.962	0.0357173153	0.2689974391
408	11	-	331.03	0.0332296167	-0.466575234
409	12	7	248.911	0.0482100028	0.0861762127
410	11	-	322.807	0.0340760888	-0.434960242
411	16	6	600.017	0.0266659111	-0.315608852
412	17	1	332.314	0.0511564364	0.9506579271
413	19	4	549.402	0.0345830558	0.5900756619
414	21	6	600.012	0.0349993	0.8695518373
415	19	7	542.776	0.0350052324	0.615550663
416	9	5	353.592	0.0254530645	-1.027376006
417	8	4	251.767	0.0317754114	-0.872917431
418	17	5	600.007	0.0283330028	-0.078542112
419	16	6	393.236	0.0406880347	0.4794026471
420	12	4	205.339	0.0584399457	0.2536976051
421	6	7	137.004	0.0437943418	-0.905744385
422	20	8	497.628	0.0401906645	1.0261596003
423	20	6	526.978	0.0379522485	0.9133175718
424	15	1	186.7	0.06572119	1.036443901
425	14	7	570.67	0.024532567	-0.676834944
426	20	5	473.522	0.0422366859	1.1188400071
427	19	-	600.006	0.03166635	0.3955183191
428	18	4	600.025	0.0299987501	0.1584169765
429	20	7	488.939	0.0409048982	1.0595662233
430	17	2	539.21	0.0315276052	0.155204287
431	19	6	340.135	0.0558601732	1.3946450925
432	12	4	335.897	0.0357252372	-0.248259109
433	4	3	251.444	0.0159081147	-1.819788765
434	19	-	600.014	0.0316659278	0.3954875615
435	18	7	346.107	0.0520070383	1.1346562339
436	13	7	342.948	0.0379066214	-0.038339816
437	11		300.346	0.0366244265	-0.348604371
438	20	8	354.527	0.0564131928	1.5763404224
439	17	6	470.358	0.0361426828	0.4199197674
440	13	4	262.325	0.0495568474	0.2716316619
441	7	-	600.014	0.0116663945	-2.448851957
442	22	4	455.544	0.0482939079	1.6620166613
443	18	1	417.695	0.0430936449	0.8594216466
444	16	6	600.015	0.026666	-0.315601163
445	11	7	420.044	0.0261877327	-0.808807613
446	18	2	599.538	0.0300231178	0.1602893468
447	18	-	440.245	0.0408863247	0.7727235974
448	15	6	600.014	0.0249994167	-0.552625611
449	15	5	464.989	0.0322588276	-0.033494609
450	17	8	288.331	0.0589600147	1.1197594924
451	18	5	439.314	0.0409729715	0.7763030157
452	21	-	582.706	0.0360387571	0.9360882647
453	13	-	473.028	0.0274825169	-0.538458762
454	18	4	523.462	0.0343864502	0.4527789606
455	9	8	221.942	0.040551135	-0.521220876
456	17	3	600.007	0.0283330028	-0.078542112
457	17	-	584.994	0.0290601271	-0.020821588
458	15	7	306.86	0.0488822264	0.574464407
459	15	1	600.013	0.0249994583	-0.552621767
460	17	2	365.098	0.0465628407	0.824613189
461	11	6	492.203	0.0223485025	-1.086237525
462	18		431.844	0.0416817184	0.805022946
463	12	5	466.544	0.0257210467	-0.750558002
